wavelength calibration solar cameron no
173.8780275909845 0.00117703828440647 0.0005687667871825397 0.005101661663502455 0.0
174.53942760084013 0.00117703828440647 0.0008489688043482602 0.008039073087275028 0.0
175.20082761069574 0.00117703828440647 0.0007827798835933208 0.009697151370346546 0.0
175.86222762055138 0.00117703828440647 0.0006441549630835652 0.01748366467654705 0.0
176.523627630407 0.00117703828440647 0.0011507789604365826 0.018189894035458565 0.0
177.18502764026263 0.00117703828440647 0.0009441947331652045 0.019168894737958908 0.0
177.84642765011824 0.00117703828440647 0.001182661158964038 0.031893644481897354 0.0
178.50782765997388 0.00117703828440647 0.0004500544455368072 0.02907780185341835 0.0
179.16922766982952 0.00117703828440647 0.001343744806945324 0.04521072655916214 0.0
179.83062767968514 0.00117703828440647 0.0010853473795577884 0.078621506690979 0.0
180.49202768954078 0.001115430768526517 0.0011114495573565364 0.06679169088602066 0.0
181.1534276993964 0.0010474365118469085 0.0008919347892515361 0.07755738496780396 0.0
181.81482770925203 0.0009893410554704337 0.00079899444244802 0.0661253109574318 0.0
182.47622771910764 0.0009354638652132192 0.0013228068128228188 0.07529126852750778 0.0
183.13762772896328 0.0008876195380676114 0.0015377032104879618 0.10271557420492172 0.0
183.79902773881892 0.0008474819490380825 0.00116402143612504 0.07530813664197922 0.0
184.46042774867453 0.0008123384915112801 0.001097829663194716 0.07841859012842178 0.0
185.12182775853017 0.0007845886180271237 0.001513784285634756 0.08932239562273026 0.008665058761835098
185.78322776838579 0.0007606013444414306 0.0014989657793194056 0.0814625546336174 0.019756780937314034
186.44462777824143 0.0007359617855454946 0.0017647019121795893 0.1591724008321762 0.027159739285707474
187.10602778809704 0.0007104954318821478 0.0019954354502260685 0.18974925577640533 0.027277788147330284
187.76742779795268 0.0006913205836212254 0.002231561578810215 0.15085847675800323 0.014729953370988369
188.42882780780832 0.0006777097699191865 0.0025160061195492744 0.20392289757728577 0.017451604828238487
189.09022781766393 0.000665659904471492 0.00241483305580914 0.17678599059581757 0.044708844274282455
189.75162782751957 0.0006542074191498673 0.003143110079690814 0.14023451507091522 0.1636648178100586
190.41302783737518 0.0006402447988045786 0.0028260434046387672 0.16290269792079926 0.4423162043094635
191.07442784723082 0.0006258113425909281 0.0037371390499174595 0.13883623480796814 0.5008196234703064
191.73582785708646 0.0006136419133724447 0.004957594908773899 0.1681535840034485 0.15453916788101196
192.39722786694207 0.0006061232980634236 0.004811721388250589 0.42245960235595703 0.030214134603738785
193.05862787679771 0.0005999693499701436 0.006133899092674255 0.49186211824417114 0.022192925214767456
193.72002788665333 0.0005914586663025442 0.00818633008748293 0.31722885370254517 0.027952052652835846
194.38142789650897 0.0005800772817920555 0.00932837463915348 0.3142654001712799 0.03148069232702255
195.04282790636458 0.000570802723552588 0.010529345832765102 0.2678022086620331 0.040803734213113785
195.70422791622022 0.0005648122479148516 0.013202895410358906 0.192769393324852 0.07267265021800995
196.36562792607583 0.0005590435702264469 0.014708831906318665 0.1802869737148285 0.07806575298309326
197.02702793593147 0.000551599711878453 0.015763940289616585 0.15681785345077515 0.24536488950252533
197.6884279457871 0.0005434296392863828 0.017761195078492165 0.14671048521995544 0.8297781944274902
198.34982795564272 0.0005346109145215898 0.018954671919345856 0.2857287526130676 0.9791532158851624
199.01122796549836 0.0005260534572425551 0.020872274413704872 0.8575634956359863 0.35783621668815613
199.67262797535398 0.0005198910824820447 0.023029252886772156 0.9021530151367188 0.09548688679933548
200.33402798520962 0.0005142832955081834 0.025666994974017143 0.5373517274856567 0.038289736956357956
200.99542799506526 0.0005066069448440173 0.028868619352579117 0.46167322993278503 0.0376228503882885
201.65682800492087 0.000499711449878872 0.030105577781796455 0.37085264921188354 0.050333019345998764
202.3182280147765 0.0004916485672297055 0.031800586730241776 0.2800234258174896 0.07031117379665375
202.97962802463212 0.0004849699158767598 0.034688662737607956 0.21860173344612122 0.0667300596833229
203.64102803448776 0.00047916979051565987 0.038286011666059494 0.17261019349098206 0.05106541886925697
204.30242804434337 0.00047225036018860194 0.04074110463261604 0.16497115790843964 0.13596192002296448
204.963828054199 0.0004647336349494904 0.04239964485168457 0.20173144340515137 0.4502600133419037
205.62522806405462 0.00045671886906321977 0.04366948828101158 0.45185598731040955 1.0
206.28662807391026 0.00044888227564924047 0.04683123901486397 1.0 0.8266005516052246
206.9480280837659 0.00044012423860170005 0.05286049470305443 0.8079118132591248 0.19900859892368317
207.60942809362152 0.00043308626741352736 0.05836523696780205 0.4844403564929962 0.08294276148080826
208.27082810347716 0.0004264747745383375 0.06645725667476654 0.36730679869651794 0.04614773392677307
208.93222811333277 0.00041834308223128114 0.08182834833860397 0.30406251549720764 0.04864902421832085
209.5936281231884 0.0004107417883670673 0.10047171264886856 0.3316352665424347 0.027696605771780014
210.25502813304405 0.00040346557726761087 0.11800963431596756 0.3612841069698334 0.04077558591961861
210.91642814289966 0.00039614158749190124 0.13151811063289642 0.2633034586906433 0.0447656586766243
211.5778281527553 0.0003899440065868903 0.1483759582042694 0.22700630128383636 0.03941521793603897
212.2392281626109 0.00038459108810176963 0.14347854256629944 0.21057358384132385 0.07890962809324265
212.90062817246655 0.00037855981866554447 0.14007718861103058 0.16032248735427856 0.2440519630908966
213.5620281823222 0.00037223237985435474 0.15275947749614716 0.14476382732391357 0.7357046008110046
214.2234281921778 0.00036643774960599495 0.17501235008239746 0.1575492024421692 0.8558712601661682
214.88482820203342 0.00036085664466910293 0.17414450645446777 0.26252201199531555 0.2811857759952545
215.54622821188906 0.00035535383616712934 0.16474230587482452 0.7961382269859314 0.09211213141679764
216.2076282217447 0.0003514953984641474 0.158070370554924 0.9790748357772827 0.06791984289884567
216.8690282316003 0.0003477942185873119 0.15500333905220032 0.6339614391326904 0.029528813436627388
217.53042824145595 0.0003435215321491886 0.16994579136371613 0.5805068016052246 0.03854074701666832
218.19182825131156 0.00033902892451343007 0.20122016966342926 0.5000976920127869 0.0581711120903492
218.8532282611672 0.0003352049718828596 0.20670028030872345 0.33961355686187744 0.037620220333337784
219.51462827102284 0.00033176954200156135 0.21989469230175018 0.25837355852127075 0.03636995330452919
220.17602828087846 0.0003283826443565488 0.22800672054290771 0.20865805447101593 0.044354718178510666
220.8374282907341 0.00032560569514216667 0.20795367658138275 0.16533145308494568 0.07588839530944824
221.4988283005897 0.0003231555985529841 0.19510376453399658 0.13896434009075165 0.1567731350660324
222.16022831044535 0.000320395230982996 0.22170332074165344 0.11402826756238937 0.4534667432308197
222.821628320301 0.000317946649959712 0.2516043186187744 0.09554430097341537 0.5324521660804749
223.4830283301566 0.00031621945371628667 0.2893018126487732 0.0990021750330925 0.22642067074775696
224.14442834001224 0.00031499386347467 0.2840738892555237 0.09855592995882034 0.06915263086557388
224.80582834986785 0.0003137492759449103 0.26978883147239685 0.09436261653900146 0.03607441484928131
225.4672283597235 0.0003123098898773265 0.2484413981437683 0.19136719405651093 0.06754913181066513
226.1286283695791 0.00031011710212499997 0.2190299928188324 0.4650512635707855 0.32314425706863403
226.79002837943474 0.00030779502114742775 0.1866157501935959 0.4429946839809418 0.6087368130683899
227.45142838929036 0.00030699801955894025 0.1905907690525055 0.3718969523906708 0.4031440019607544
228.112828399146 0.00030597325957640434 0.22889097034931183 0.5419417023658752 0.11402403563261032
228.77422840900164 0.00030432632567276534 0.24107438325881958 0.4519285559654236 0.04161098226904869
229.43562841885725 0.00030299037856596834 0.23062370717525482 0.32448288798332214 0.0362197682261467
230.0970284287129 0.0003018009755369898 0.230104461312294 0.3341151475906372 0.051529496908187866
230.7584284385685 0.0003009575576513053 0.2483741044998169 0.270702064037323 0.13542136549949646
231.41982844842414 0.0003010288915144147 0.23760728538036346 0.19133779406547546 0.24683156609535217
232.08122845827978 0.0003017662615033445 0.24368485808372498 0.15713541209697723 0.308940589427948
232.7426284681354 0.000301230808326098 0.24231399595737457 0.12716373801231384 0.13431866466999054
233.40402847799103 0.0002999315199369769 0.21986152231693268 0.09700090438127518 0.07064841687679291
234.06542848784665 0.00029959878364768606 0.19784456491470337 0.07898873090744019 0.02430019900202751
234.7268284977023 0.0002988544918510507 0.19197013974189758 0.06477488577365875 0.06340794265270233
235.38822850755793 0.00029791479677550336 0.22704967856407166 0.05404339358210564 0.07719200849533081
236.04962851741354 0.0002975295178894597 0.23051999509334564 0.04900475963950157 0.33527228236198425
236.71102852726915 0.00029732797887132564 0.2210836559534073 0.06759565323591232 0.8348609805107117
237.3724285371248 0.0002968471812107969 0.2264239490032196 0.12929190695285797 0.7284010052680969
238.03382854698043 0.0002967707468044015 0.2057359665632248 0.12798045575618744 0.21420536935329437
238.69522855683607 0.0002966409509184837 0.19487659633159637 0.12421466410160065 0.08897058665752411
239.35662856669168 0.0002960876850427833 0.20462757349014282 0.2119014412164688 0.07407720386981964
240.0180285765473 0.00029580658230407255 0.19407343864440918 0.20409707725048065 0.07511815428733826
240.67942858640293 0.00029611319746387324 0.1902027726173401 0.15588334202766418 0.06473378837108612
241.34082859625858 0.00029656734555135096 0.2071360945701599 0.19825108349323273 0.13265971839427948
242.0022286061142 0.00029645090842530966 0.26493948698043823 0.1884424388408661 0.12487523257732391
242.6636286159698 0.0002962789204130415 0.3007446527481079 0.12837809324264526 0.05954925715923309
243.32502862582544 0.0002963426306156088 0.29448527097702026 0.11356028914451599 0.04315078631043434
243.98642863568108 0.0002965845301554238 0.28172528743743896 0.10625708848237991 0.04394116625189781
244.64782864553672 0.0002972430773919015 0.26583462953567505 0.08097251504659653 0.02871459349989891
245.30922865539233 0.00029808650639854466 0.23240871727466583 0.0723181664943695 0.020683730021119118
245.97062866524794 0.00029883437532304347 0.21936367452144623 0.07236156612634659 0.07144027948379517
246.63202867510358 0.0002995283882521648 0.22184516489505768 0.056731466203927994 0.20638412237167358
247.29342868495922 0.00029971728904806556 0.23603172600269318 0.044481851160526276 0.6213200688362122
247.95482869481486 0.00029971331001474826 0.23100419342517853 0.04149932414293289 0.7096190452575684
248.61622870467048 0.00029978321080400454 0.20622126758098602 0.0352281779050827 0.2913757860660553
249.2776287145261 0.00030042118971839864 0.21178269386291504 0.03513401374220848 0.10401443392038345
249.93902872438173 0.00030112458320474063 0.25351622700691223 0.038756269961595535 0.06713110208511353
250.60042873423737 0.00030166386375466846 0.25127044320106506 0.03290598466992378 0.03963794931769371
251.26182874409298 0.0003022110952385786 0.22473250329494476 0.040222812443971634 0.06894730776548386
251.92322875394862 0.0003026397316984419 0.19472834467887878 0.057161200791597366 0.0883922278881073
252.58462876380423 0.0003032884494823121 0.18746718764305115 0.045863404870033264 0.0816473439335823
253.24602877365987 0.00030427638860668657 0.20398035645484924 0.04404498636722565 0.028453947976231575
253.9074287835155 0.00030557667250278426 0.2284473478794098 0.06289218366146088 0.04101940616965294
254.56882879337113 0.0003061615849746912 0.24923643469810486 0.05330423638224602 0.03161107748746872
255.23022880322674 0.00030629796187323706 0.2864363193511963 0.03941817954182625 0.008846072480082512
255.89162881308238 0.00030682619281909604 0.34261518716812134 0.04291130602359772 0.04226914793252945
256.553028822938 0.0003074237617095438 0.3891584575176239 0.03993508219718933 0.020695284008979797
257.21442883279366 0.00030846419179794655 0.46334123611450195 0.031102295964956284 0.028561722487211227
257.8758288426493 0.00031001954603030677 0.4908427596092224 0.03629927337169647 0.0389556847512722
258.5372288525049 0.00031153344900486244 0.4979795813560486 0.04013729840517044 0.17211613059043884
259.1986288623605 0.0003130969960438207 0.47036314010620117 0.030119894072413445 0.364822655916214
259.86002887221616 0.000314463942334746 0.4060080051422119 0.02638106420636177 0.3617766201496124
260.52142888207175 0.0003160436214960474 0.3674764037132263 0.03060326538980007 0.14458951354026794
261.18282889192744 0.0003173073179476865 0.3540857136249542 0.025876669213175774 0.04648520052433014
261.844228901783 0.0003187568365494944 0.3831789493560791 0.019248289987444878 0.030361754819750786
262.50562891163867 0.00032068509687862624 0.4301455020904541 0.019382931292057037 0.07958682626485825
263.1670289214943 0.0003221240555843751 0.4571962058544159 0.020122218877077103 0.046547748148441315
263.8284289313499 0.00032371493916884335 0.6765114068984985 0.01586514338850975 0.05315444618463516
264.48982894120553 0.00032558300459708243 0.8908383846282959 0.015148613601922989 0.027907559648156166
265.15122895106117 0.0003277381095332702 0.8868710994720459 0.020106829702854156 0.036685630679130554
265.8126289609168 0.00033050360836482125 0.9336836934089661 0.018369542434811592 0.0044472734443843365
266.47402897077245 0.0003330826668782478 0.9268501400947571 0.01431924756616354 0.019873149693012238
267.13542898062803 0.00033619137069298006 0.9010170102119446 0.01609877124428749 0.03809890151023865
267.7968289904837 0.00033961189456530017 0.9087542295455933 0.016156351193785667 0.02696794830262661
268.4582290003393 0.0003435197168523374 0.8865570425987244 0.011958364397287369 0.04670923948287964
269.11962901019496 0.0003475497365917646 0.8580263257026672 0.011340280994772911 0.062267642468214035
269.7810290200506 0.0003518657324827143 0.8516041040420532 0.012402050197124481 0.025567878037691116
270.4424290299062 0.0003566770262934288 0.9047202467918396 0.009943296201527119 0.06725287437438965
271.1038290397618 0.00036218415667752175 0.8758222460746765 0.009412025101482868 0.11479825526475906
271.76522904961746 0.0003682858442026556 0.7535380125045776 0.01319210510700941 0.18794046342372894
272.4266290594731 0.00037556487292832635 0.6561301946640015 0.012403195723891258 0.1776236593723297
273.08802906932874 0.000382557418579273 0.7045103311538696 0.009115281514823437 0.09646037220954895
273.7494290791843 0.00038931033652472586 0.6316847801208496 0.010504873469471931 0.04060225188732147
274.41082908903996 0.00039669461702370064 0.4944186508655548 0.012712166644632816 0.03541107848286629
275.0722290988956 0.0004043598504399997 0.48321613669395447 0.009595359675586224 0.03211233392357826
275.73362910875124 0.0004118104120699701 0.575096845626831 0.007629784755408764 0.03854284808039665
276.3950291186069 0.00041921097186283857 0.6868388056755066 0.008993346244096756 0.0
277.05642912846247 0.000426441343244165 0.7229589223861694 0.008663862012326717 0.0
277.7178291383181 0.0004349621410598344 0.6694761514663696 0.006710394751280546 0.0
278.37922914817375 0.0004437214104970976 0.5366725921630859 0.007697614841163158 0.0
279.0406291580294 0.0004525456541161451 0.4131452143192291 0.011294638738036156 0.0
279.70202916788503 0.00046129900977824644 0.29804134368896484 0.009695387445390224 0.0
280.3634291777406 0.00047104322066193575 0.27699723839759827 0.006366846151649952 0.0
281.02482918759625 0.00048208377999285574 0.3744426667690277 0.004708105232566595 0.0
281.6862291974519 0.0004944014437498764 0.5373040437698364 0.004291273653507233 0.0
282.3476292073075 0.0005076303373540231 0.6697160601615906 0.004106915555894375 0.0
283.0090292171631 0.0005210604019312299 0.7354099154472351 0.003373202169314027 0.0
283.67042922701876 0.0005349263605166027 0.7365191578865051 0.002810043515637517 0.0
284.3318292368744 0.0005503581734924822 0.6657317876815796 0.0027735731564462185 0.0
284.99322924673004 0.000568525810315347 0.49126023054122925 0.002469450468197465 0.0
285.6546292565856 0.0005880169596617826 0.4165072441101074 0.0020967426244169474 0.0
286.31602926644126 0.0006086900034607092 0.5842249989509583 0.002514777472242713 0.0
286.9774292762969 0.0006312909670207868 0.6953102946281433 0.0030004612635821104 0.0
287.63882928615254 0.0006554161109492098 0.6939061880111694 0.002394534647464752 0.0
288.3002292960082 0.000679197404141359 0.6190279126167297 0.0021419937256723642 0.0
288.96162930586377 0.0007034991883997823 0.7005125284194946 0.0027909833006560802 0.0
289.6230293157194 0.0007287679713992547 0.8322284817695618 0.002743636956438422 0.0
290.28442932557505 0.0007554154990578934 0.9712573885917664 0.002025018213316798 0.0
290.9458293354307 0.0007815852643937809 1.0 0.001987623516470194 0.0
291.6072293452863 0.0008058814845453008 0.9489041566848755 0.0024641486816108227 0.0
292.2686293551419 0.0008318514054633071 0.8782537579536438 0.002127613639459014 0.0
292.93002936499755 0.000854476757276101 0.8240295052528381 0.0018018392147496343 0.0
293.5914293748532 0.000881666980974834 0.819138765335083 0.0028101038187742233 0.0
294.25282938470883 0.0009111244816679153 0.770296573638916 0.003935332875698805 0.0
294.9142293945645 0.0009419467609059467 0.7457910776138306 0.002979288110509515 0.0
295.57562940442006 0.0009734890419810927 0.7529927492141724 0.0019502037903293967 0.0
296.2370294142757 0.0010049389403553723 0.7440187335014343 0.0014211080269888043 0.0
296.89842942413134 0.0010384793527275628 0.6423830389976501 0.0011722617782652378 0.0
297.559829433987 0.001069058003734906 0.6384580135345459 0.0009805982699617743 0.0
298.2212294438426 0.0011012544586673947 0.6149113178253174 0.0008127534529194236 0.0
298.8826294536982 0.001134628673158637 0.5512658953666687 0.0007065399549901485 0.0
299.54402946355384 0.001163376548446879 0.5543380975723267 0.0005940953851677477 0.0
300.2054294734095 0.0011849541121749037 0.4831964373588562 0.00047796923900023103 0.0
300.86682948326506 0.0011849541121749037 0.4546870291233063 0.0004105335392523557 0.0
301.52822949312076 0.0011849541121749037 0.45868849754333496 0.00036039133556187153 0.0
302.18962950297635 0.0011849541121749037 0.4178500473499298 0.00031740780104883015 0.0
302.851029512832 0.0011849541121749037 0.45609962940216064 0.00025801692390814424 0.0
303.5124295226876 0.0011849541121749037 0.4857936203479767 0.00019970271387137473 0.0
304.1738295325432 0.0011849541121749037 0.4441395103931427 0.000172388696228154 0.0
304.8352295423989 0.0011849541121749037 0.42007213830947876 0.00024302059318870306 0.0
305.4966295522545 0.0011849541121749037 0.39117780327796936 0.0003297531511634588 0.0
306.15802956211013 0.0011849541121749037 0.34158143401145935 0.00029768291278742254 0.0
306.81942957196577 0.0011849541121749037 0.32584330439567566 0.00024295045295730233 0.0
307.48082958182135 0.0011849541121749037 0.3205806314945221 0.0002945896121673286 0.0
308.14222959167705 0.0011849541121749037 0.3061445951461792 0.00036262732464820147 0.0
308.80362960153263 0.0011849541121749037 0.2782360017299652 0.00032559153623878956 0.0
309.4650296113883 0.0011849541121749037 0.2364574819803238 0.00030737678753212094 0.0
310.1264296212439 0.0011849541121749037 0.22237655520439148 0.0005160999717190862 0.0
310.7878296310995 0.0011849541121749037 0.252867728471756 0.0006956853903830051 0.0
311.44922964095514 0.0011849541121749037 0.256415992975235 0.0005311339045874774 0.0
312.1106296508108 0.0011849541121749037 0.2262738198041916 0.000407449493650347 0.0
312.7720296606664 0.0011849541121749037 0.20965728163719177 0.00025462426128797233 0.0
313.43342967052206 0.0011849541121749037 0.2004314512014389 0.0001970453595276922 0.0
314.09482968037764 0.0011849541121749037 0.188651442527771 0.0001868193648988381 0.0
314.7562296902333 0.0011849541121749037 0.1681199073791504 0.00017317914171144366 0.0
315.4176297000889 0.0011849541121749037 0.15421800315380096 0.00014835450565442443 0.0
316.0790297099445 0.0011849541121749037 0.1331356316804886 0.00010313341772416607 0.0
316.7404297198002 0.0011849541121749037 0.13577215373516083 5.984448944218457e-05 0.0
317.4018297296558 0.0011849541121749037 0.1377960592508316 2.1977408323436975e-05 0.0
318.0632297395114 0.0011849541121749037 0.11908677965402603 8.695642463862896e-06 0.0
318.72462974936707 0.0011849541121749037 0.10699956119060516 6.079629656596808e-06 0.0
319.38602975922265 0.0011849541121749037 0.1017908826470375 4.017706942249788e-06 0.0
320.04742976907835 0.0011849541121749037 0.10044479370117188 3.0462258564512013e-06 0.0
320.70882977893393 0.0011849541121749037 0.09521452337503433 2.355652668484254e-06 0.0
321.3702297887896 0.0011849541121749037 0.08077844232320786 1.8367037455391255e-06 0.0
322.0316297986452 0.0011849541121749037 0.07470499724149704 1.5234792272167397e-06 0.0
322.6930298085008 0.0011849541121749037 0.06646506488323212 1.1049686463593389e-06 0.0
323.3544298183565 0.0011849541121749037 0.06020175665616989 8.440105716545077e-07 0.0
324.0158298282121 0.0011849541121749037 0.05913924798369408 6.338450475595891e-07 0.0
324.6772298380677 0.0011849541121749037 0.05855086073279381 4.6160005240380997e-07 0.0
325.33862984792336 0.0011849541121749037 0.057659123092889786 3.5440811529952043e-07 0.0
326.00002985777894 0.0011849541121749037 0.05817883461713791 2.2261390597577702e-07 0.0
326.66142986763464 0.0011849541121749037 0.05479684844613075 1.5279569254289527e-07 0.0
327.3228298774902 0.0011849541121749037 0.050191912800073624 1.0302376551862835e-07 0.0
327.98422988734586 0.0011849541121749037 0.045289743691682816 6.716160783071246e-08 0.0
328.6456298972015 0.0011849541121749037 0.04231385886669159 8.904457615699357e-08 0.0
329.3070299070571 0.0011849541121749037 0.04124303534626961 4.1143195517179265e-07 0.0
329.9684299169128 0.0011849541121749037 0.039407920092344284 9.277516141992237e-07 0.0
330.62982992676837 0.0011849541121749037 0.03509976342320442 1.8262645653521759e-06 0.0
331.291229936624 0.0011849541121749037 0.03152836114168167 3.4750148643070133e-06 0.0
331.95262994647965 0.0011849541121749037 0.029506850987672806 5.092665105621563e-06 0.0
332.61402995633523 0.0011849541121749037 0.027328310534358025 8.966931090981234e-06 0.0
333.27542996619087 0.0011849541121749037 0.025403108447790146 1.3683841643796768e-05 0.0
333.9368299760465 0.0011849541121749037 0.023568356409668922 1.9652499759104103e-05 0.0
334.59822998590215 0.0011849541121749037 0.023350544273853302 2.8683267373708077e-05 0.0
335.2596299957578 0.0011849541121749037 0.021290438249707222 3.790947448578663e-05 0.0
335.9210300056134 0.0011849541121749037 0.019064143300056458 5.8068850194104016e-05 0.0
336.582430015469 0.0011849541121749037 0.01696280762553215 8.003018592717126e-05 0.0
337.24383002532466 0.0011849541121749037 0.017052728682756424 0.0001073913081199862 0.0
337.90523003518024 0.0011849541121749037 0.01698572374880314 0.00014318600005935878 0.0
338.56663004503594 0.0011849541121749037 0.01655515655875206 0.00017675863637123257 0.0
339.2280300548915 0.0011849541121749037 0.016708265990018845 0.0002480481343809515 0.0
339.88943006474716 0.0011849541121749037 0.016091756522655487 0.00032599596306681633 0.0
340.5508300746028 0.0011849541121749037 0.015304059721529484 0.00043324928265064955 0.0
341.2122300844584 0.0011849541121749037 0.014433544129133224 0.0005967163015156984 0.0
341.8736300943141 0.0011849541121749037 0.014128299430012703 0.0008144486346282065 0.0
342.53503010416966 0.0011849541121749037 0.013701939024031162 0.0 0.0
