wavelength_muv calibration_curve solar_continuum co_cameron co2_uvd o_2972 no_nightglow
1.738780275909844875e+02 1.177038284406469988e-03 5.687667871825397015e-04 3.716483188327401876e-04 0.000000000000000000e+00 0.000000000000000000e+00 0.000000000000000000e+00
1.745394276008401278e+02 1.177038284406469988e-03 8.489688043482601643e-04 6.544528878293931484e-04 0.000000000000000000e+00 0.000000000000000000e+00 0.000000000000000000e+00
1.752008276106957396e+02 1.177038284406469988e-03 7.827798835933208466e-04 8.951708441600203514e-04 0.000000000000000000e+00 0.000000000000000000e+00 0.000000000000000000e+00
1.758622276205513799e+02 1.177038284406469988e-03 6.441549630835652351e-04 1.758026191964745522e-03 0.000000000000000000e+00 0.000000000000000000e+00 0.000000000000000000e+00
1.765236276304069918e+02 1.177038284406469988e-03 1.150778960436582565e-03 2.234217245131731033e-03 0.000000000000000000e+00 0.000000000000000000e+00 0.000000000000000000e+00
1.771850276402626321e+02 1.177038284406469988e-03 9.441947331652045250e-04 2.497076522558927536e-03 0.000000000000000000e+00 0.000000000000000000e+00 0.000000000000000000e+00
1.778464276501182439e+02 1.177038284406469988e-03 1.182661158964037895e-03 4.642658401280641556e-03 0.000000000000000000e+00 0.000000000000000000e+00 0.000000000000000000e+00
1.785078276599738842e+02 1.177038284406469988e-03 4.500544455368071795e-04 4.906961228698492050e-03 0.000000000000000000e+00 0.000000000000000000e+00 0.000000000000000000e+00
1.791692276698295245e+02 1.177038284406469988e-03 1.343744806945323944e-03 7.311794441193342209e-03 0.000000000000000000e+00 0.000000000000000000e+00 0.000000000000000000e+00
1.798306276796851364e+02 1.177038284406469988e-03 1.085347379557788372e-03 1.476987637579441071e-02 0.000000000000000000e+00 0.000000000000000000e+00 0.000000000000000000e+00
1.804920276895407767e+02 1.115430768526517102e-03 1.111449557356536388e-03 1.394194923341274261e-02 0.000000000000000000e+00 0.000000000000000000e+00 0.000000000000000000e+00
1.811534276993963886e+02 1.047436511846908504e-03 8.919347892515361309e-04 1.664548553526401520e-02 0.000000000000000000e+00 0.000000000000000000e+00 0.000000000000000000e+00
1.818148277092520289e+02 9.893410554704337202e-04 7.989944424480199814e-04 1.600504852831363678e-02 0.000000000000000000e+00 0.000000000000000000e+00 0.000000000000000000e+00
1.824762277191076407e+02 9.354638652132191970e-04 1.322806812822818756e-03 1.769848167896270752e-02 0.000000000000000000e+00 0.000000000000000000e+00 0.000000000000000000e+00
1.831376277289632810e+02 8.876195380676113814e-04 1.537703210487961769e-03 2.709216251969337463e-02 0.000000000000000000e+00 0.000000000000000000e+00 0.000000000000000000e+00
1.837990277388189213e+02 8.474819490380824678e-04 1.164021436125040054e-03 2.188090048730373383e-02 0.000000000000000000e+00 0.000000000000000000e+00 0.000000000000000000e+00
1.844604277486745332e+02 8.123384915112801495e-04 1.097829663194715977e-03 2.223030850291252136e-02 0.000000000000000000e+00 0.000000000000000000e+00 0.000000000000000000e+00
1.851218277585301735e+02 7.845886180271237440e-04 1.513784285634756088e-03 2.789992094039916992e-02 0.000000000000000000e+00 0.000000000000000000e+00 8.665058761835098267e-03
1.857832277683857853e+02 7.606013444414306364e-04 1.498965779319405556e-03 2.607436105608940125e-02 0.000000000000000000e+00 0.000000000000000000e+00 1.975678093731403351e-02
1.864446277782414256e+02 7.359617855454945751e-04 1.764701912179589272e-03 4.898161813616752625e-02 0.000000000000000000e+00 0.000000000000000000e+00 2.715973928570747375e-02
1.871060277880970375e+02 7.104954318821477812e-04 1.995435450226068497e-03 6.752045452594757080e-02 0.000000000000000000e+00 0.000000000000000000e+00 2.727778814733028412e-02
1.877674277979526778e+02 6.913205836212253912e-04 2.231561578810214996e-03 5.363782122731208801e-02 0.000000000000000000e+00 0.000000000000000000e+00 1.472995337098836899e-02
1.884288278078083181e+02 6.777097699191865368e-04 2.516006119549274445e-03 7.387695461511611938e-02 0.000000000000000000e+00 0.000000000000000000e+00 1.745160482823848724e-02
1.890902278176639300e+02 6.656599044714920374e-04 2.414833055809140205e-03 7.395730912685394287e-02 0.000000000000000000e+00 0.000000000000000000e+00 4.470884427428245544e-02
1.897516278275195702e+02 6.542074191498673408e-04 3.143110079690814018e-03 5.724273994565010071e-02 0.000000000000000000e+00 0.000000000000000000e+00 1.636648178100585938e-01
1.904130278373751821e+02 6.402447988045785725e-04 2.826043404638767242e-03 6.837359070777893066e-02 0.000000000000000000e+00 0.000000000000000000e+00 4.423162043094635010e-01
1.910744278472308224e+02 6.258113425909280544e-04 3.737139049917459488e-03 6.292212754487991333e-02 0.000000000000000000e+00 0.000000000000000000e+00 5.008196234703063965e-01
1.917358278570864627e+02 6.136419133724446825e-04 4.957594908773899078e-03 6.857521086931228638e-02 0.000000000000000000e+00 0.000000000000000000e+00 1.545391678810119629e-01
1.923972278669420746e+02 6.061232980634236305e-04 4.811721388250589371e-03 1.746862679719924927e-01 0.000000000000000000e+00 0.000000000000000000e+00 3.021413460373878479e-02
1.930586278767977149e+02 5.999693499701435782e-04 6.133899092674255371e-03 2.472317069768905640e-01 0.000000000000000000e+00 0.000000000000000000e+00 2.219292521476745605e-02
1.937200278866533267e+02 5.914586663025441730e-04 8.186330087482929230e-03 1.614323705434799194e-01 0.000000000000000000e+00 0.000000000000000000e+00 2.795205265283584595e-02
1.943814278965089670e+02 5.800772817920555333e-04 9.328374639153480530e-03 1.553618311882019043e-01 0.000000000000000000e+00 0.000000000000000000e+00 3.148069232702255249e-02
1.950428279063645789e+02 5.708027235525879898e-04 1.052934583276510239e-02 1.455524414777755737e-01 0.000000000000000000e+00 0.000000000000000000e+00 4.080373421311378479e-02
1.957042279162202192e+02 5.648122479148515564e-04 1.320289541035890579e-02 1.059552803635597229e-01 0.000000000000000000e+00 0.000000000000000000e+00 7.267265021800994873e-02
1.963656279260758311e+02 5.590435702264468518e-04 1.470883190631866455e-02 1.002655178308486938e-01 0.000000000000000000e+00 0.000000000000000000e+00 7.806575298309326172e-02
1.970270279359314713e+02 5.515997118784530520e-04 1.576394028961658478e-02 9.141495078802108765e-02 0.000000000000000000e+00 0.000000000000000000e+00 2.453648895025253296e-01
1.976884279457871116e+02 5.434296392863828410e-04 1.776119507849216461e-02 8.497081696987152100e-02 0.000000000000000000e+00 0.000000000000000000e+00 8.297781944274902344e-01
1.983498279556427235e+02 5.346109145215897831e-04 1.895467191934585571e-02 1.486150771379470825e-01 0.000000000000000000e+00 0.000000000000000000e+00 9.791532158851623535e-01
1.990112279654983638e+02 5.260534572425550840e-04 2.087227441370487213e-02 4.724546074867248535e-01 0.000000000000000000e+00 0.000000000000000000e+00 3.578362166881561279e-01
1.996726279753539757e+02 5.198910824820447132e-04 2.302925288677215576e-02 5.875331759452819824e-01 0.000000000000000000e+00 0.000000000000000000e+00 9.548688679933547974e-02
2.003340279852096160e+02 5.142832955081833891e-04 2.566699497401714325e-02 3.642216622829437256e-01 0.000000000000000000e+00 0.000000000000000000e+00 3.828973695635795593e-02
2.009954279950652563e+02 5.066069448440173100e-04 2.886861935257911682e-02 3.044268786907196045e-01 0.000000000000000000e+00 0.000000000000000000e+00 3.762285038828849792e-02
2.016568280049208681e+02 4.997114498788720162e-04 3.010557778179645538e-02 2.518109381198883057e-01 0.000000000000000000e+00 0.000000000000000000e+00 5.033301934599876404e-02
2.023182280147765084e+02 4.916485672297055002e-04 3.180058673024177551e-02 1.948681920766830444e-01 0.000000000000000000e+00 0.000000000000000000e+00 7.031117379665374756e-02
2.029796280246321203e+02 4.849699158767598202e-04 3.468866273760795593e-02 1.566592007875442505e-01 0.000000000000000000e+00 0.000000000000000000e+00 6.673005968332290649e-02
2.036410280344877606e+02 4.791697905156598689e-04 3.828601166605949402e-02 1.261755675077438354e-01 0.000000000000000000e+00 0.000000000000000000e+00 5.106541886925697327e-02
2.043024280443433724e+02 4.722503601886019397e-04 4.074110463261604309e-02 1.195857822895050049e-01 0.000000000000000000e+00 0.000000000000000000e+00 1.359619200229644775e-01
2.049638280541990127e+02 4.647336349494903896e-04 4.239964485168457031e-02 1.437002420425415039e-01 0.000000000000000000e+00 0.000000000000000000e+00 4.502600133419036865e-01
2.056252280640546246e+02 4.567188690632197718e-04 4.366948828101158142e-02 2.987512648105621338e-01 0.000000000000000000e+00 0.000000000000000000e+00 1.000000000000000000e+00
2.062866280739102649e+02 4.488822756492404694e-04 4.683123901486396790e-02 7.321137189865112305e-01 0.000000000000000000e+00 0.000000000000000000e+00 8.266005516052246094e-01
2.069480280837659052e+02 4.401242386017000462e-04 5.286049470305442810e-02 6.763208508491516113e-01 0.000000000000000000e+00 0.000000000000000000e+00 1.990085989236831665e-01
2.076094280936215171e+02 4.330862674135273638e-04 5.836523696780204773e-02 4.092707335948944092e-01 0.000000000000000000e+00 0.000000000000000000e+00 8.294276148080825806e-02
2.082708281034771574e+02 4.264747745383374753e-04 6.645725667476654053e-02 3.071884512901306152e-01 0.000000000000000000e+00 0.000000000000000000e+00 4.614773392677307129e-02
2.089322281133327692e+02 4.183430822312811403e-04 8.182834833860397339e-02 2.569157183170318604e-01 0.000000000000000000e+00 0.000000000000000000e+00 4.864902421832084656e-02
2.095936281231884095e+02 4.107417883670673236e-04 1.004717126488685608e-01 2.715394496917724609e-01 0.000000000000000000e+00 0.000000000000000000e+00 2.769660577178001404e-02
2.102550281330440498e+02 4.034655772676108698e-04 1.180096343159675598e-01 3.147319257259368896e-01 0.000000000000000000e+00 0.000000000000000000e+00 4.077558591961860657e-02
2.109164281428996617e+02 3.961415874919012379e-04 1.315181106328964233e-01 2.417695075273513794e-01 0.000000000000000000e+00 0.000000000000000000e+00 4.476565867662429810e-02
2.115778281527553020e+02 3.899440065868902999e-04 1.483759582042694092e-01 1.996371597051620483e-01 0.000000000000000000e+00 0.000000000000000000e+00 3.941521793603897095e-02
2.122392281626109138e+02 3.845910881017696316e-04 1.434785425662994385e-01 1.945213079452514648e-01 0.000000000000000000e+00 0.000000000000000000e+00 7.890962809324264526e-02
2.129006281724665541e+02 3.785598186655444726e-04 1.400771886110305786e-01 1.531180143356323242e-01 0.000000000000000000e+00 0.000000000000000000e+00 2.440519630908966064e-01
2.135620281823221944e+02 3.722323798543547405e-04 1.527594774961471558e-01 1.349341273307800293e-01 0.000000000000000000e+00 0.000000000000000000e+00 7.357046008110046387e-01
2.142234281921778063e+02 3.664377496059949540e-04 1.750123500823974609e-01 1.468952149152755737e-01 0.000000000000000000e+00 0.000000000000000000e+00 8.558712601661682129e-01
2.148848282020334182e+02 3.608566446691029335e-04 1.741445064544677734e-01 2.215182185173034668e-01 0.000000000000000000e+00 0.000000000000000000e+00 2.811857759952545166e-01
2.155462282118890585e+02 3.553538361671293357e-04 1.647423058748245239e-01 6.868029236793518066e-01 0.000000000000000000e+00 0.000000000000000000e+00 9.211213141679763794e-02
2.162076282217446987e+02 3.514953984641473739e-04 1.580703705549240112e-01 1.000000000000000000e+00 0.000000000000000000e+00 0.000000000000000000e+00 6.791984289884567261e-02
2.168690282316003106e+02 3.477942185873118906e-04 1.550033390522003174e-01 6.717299222946166992e-01 0.000000000000000000e+00 0.000000000000000000e+00 2.952881343662738800e-02
2.175304282414559509e+02 3.435215321491885991e-04 1.699457913637161255e-01 5.815899968147277832e-01 0.000000000000000000e+00 0.000000000000000000e+00 3.854074701666831970e-02
2.181918282513115628e+02 3.390289245134300660e-04 2.012201696634292603e-01 5.472168326377868652e-01 0.000000000000000000e+00 0.000000000000000000e+00 5.817111209034919739e-02
2.188532282611672031e+02 3.352049718828595888e-04 2.067002803087234497e-01 3.702695071697235107e-01 0.000000000000000000e+00 0.000000000000000000e+00 3.762022033333778381e-02
2.195146282710228434e+02 3.317695420015613498e-04 2.198946923017501831e-01 2.789884805679321289e-01 0.000000000000000000e+00 0.000000000000000000e+00 3.636995330452919006e-02
2.201760282808784552e+02 3.283826443565488048e-04 2.280067205429077148e-01 2.311841547489166260e-01 0.000000000000000000e+00 0.000000000000000000e+00 4.435471817851066589e-02
2.208374282907340955e+02 3.256056951421666722e-04 2.079536765813827515e-01 1.866526305675506592e-01 0.000000000000000000e+00 0.000000000000000000e+00 7.588839530944824219e-02
2.214988283005897074e+02 3.231555985529840783e-04 1.951037645339965820e-01 1.520710289478302002e-01 0.000000000000000000e+00 0.000000000000000000e+00 1.567731350660324097e-01
2.221602283104453477e+02 3.203952309829959794e-04 2.217033207416534424e-01 1.296178996562957764e-01 0.000000000000000000e+00 0.000000000000000000e+00 4.534667432308197021e-01
2.228216283203009880e+02 3.179466499597120225e-04 2.516043186187744141e-01 1.086541786789894104e-01 0.000000000000000000e+00 0.000000000000000000e+00 5.324521660804748535e-01
2.234830283301565998e+02 3.162194537162866712e-04 2.893018126487731934e-01 1.091566681861877441e-01 0.000000000000000000e+00 0.000000000000000000e+00 2.264206707477569580e-01
2.241444283400122401e+02 3.149938634746699776e-04 2.840738892555236816e-01 1.146778091788291931e-01 0.000000000000000000e+00 0.000000000000000000e+00 6.915263086557388306e-02
2.248058283498678520e+02 3.137492759449103078e-04 2.697888314723968506e-01 1.092378199100494385e-01 0.000000000000000000e+00 0.000000000000000000e+00 3.607441484928131104e-02
2.254672283597234923e+02 3.123098898773264838e-04 2.484413981437683105e-01 2.032060176134109497e-01 0.000000000000000000e+00 0.000000000000000000e+00 6.754913181066513062e-02
2.261286283695791042e+02 3.101171021249999704e-04 2.190299928188323975e-01 5.092818737030029297e-01 0.000000000000000000e+00 0.000000000000000000e+00 3.231442570686340332e-01
2.267900283794347445e+02 3.077950211474277521e-04 1.866157501935958862e-01 5.455268621444702148e-01 0.000000000000000000e+00 0.000000000000000000e+00 6.087368130683898926e-01
2.274514283892903563e+02 3.069980195589402461e-04 1.905907690525054932e-01 4.353919327259063721e-01 0.000000000000000000e+00 0.000000000000000000e+00 4.031440019607543945e-01
2.281128283991459966e+02 3.059732595764043362e-04 2.288909703493118286e-01 6.295368075370788574e-01 0.000000000000000000e+00 0.000000000000000000e+00 1.140240356326103210e-01
2.287742284090016369e+02 3.043263256727653395e-04 2.410743832588195801e-01 5.835981965065002441e-01 0.000000000000000000e+00 0.000000000000000000e+00 4.161098226904869080e-02
2.294356284188572488e+02 3.029903785659683385e-04 2.306237071752548218e-01 4.104029536247253418e-01 0.000000000000000000e+00 0.000000000000000000e+00 3.621976822614669800e-02
2.300970284287128891e+02 3.018009755369898024e-04 2.301044613122940063e-01 4.139690101146697998e-01 0.000000000000000000e+00 0.000000000000000000e+00 5.152949690818786621e-02
2.307584284385685010e+02 3.009575576513053127e-04 2.483741044998168945e-01 3.609806895256042480e-01 0.000000000000000000e+00 0.000000000000000000e+00 1.354213654994964600e-01
2.314198284484241412e+02 3.010288915144147055e-04 2.376072853803634644e-01 2.494568079710006714e-01 0.000000000000000000e+00 0.000000000000000000e+00 2.468315660953521729e-01
2.320812284582797815e+02 3.017662615033445020e-04 2.436848580837249756e-01 2.018572092056274414e-01 0.000000000000000000e+00 0.000000000000000000e+00 3.089405894279479980e-01
2.327426284681353934e+02 3.012308083260979924e-04 2.423139959573745728e-01 1.689942628145217896e-01 0.000000000000000000e+00 0.000000000000000000e+00 1.343186646699905396e-01
2.334040284779910337e+02 2.999315199369769077e-04 2.198615223169326782e-01 1.301782578229904175e-01 0.000000000000000000e+00 0.000000000000000000e+00 7.064841687679290771e-02
2.340654284878466456e+02 2.995987836476860628e-04 1.978445649147033691e-01 1.034040302038192749e-01 0.000000000000000000e+00 0.000000000000000000e+00 2.430019900202751160e-02
2.347268284977022859e+02 2.988544918510507007e-04 1.919701397418975830e-01 8.607503026723861694e-02 0.000000000000000000e+00 0.000000000000000000e+00 6.340794265270233154e-02
2.353882285075579262e+02 2.979147967755033577e-04 2.270496785640716553e-01 7.204575836658477783e-02 0.000000000000000000e+00 0.000000000000000000e+00 7.719200849533081055e-02
2.360496285174135380e+02 2.975295178894597141e-04 2.305199950933456421e-01 6.435078382492065430e-02 0.000000000000000000e+00 0.000000000000000000e+00 3.352722823619842529e-01
2.367110285272691499e+02 2.973279788713256385e-04 2.210836559534072876e-01 8.347123116254806519e-02 0.000000000000000000e+00 0.000000000000000000e+00 8.348609805107116699e-01
2.373724285371247902e+02 2.968471812107968959e-04 2.264239490032196045e-01 1.609279066324234009e-01 0.000000000000000000e+00 0.000000000000000000e+00 7.284010052680969238e-01
2.380338285469804305e+02 2.967707468044014879e-04 2.057359665632247925e-01 1.759687662124633789e-01 0.000000000000000000e+00 0.000000000000000000e+00 2.142053693532943726e-01
2.386952285568360708e+02 2.966409509184836910e-04 1.948765963315963745e-01 1.579850614070892334e-01 0.000000000000000000e+00 0.000000000000000000e+00 8.897058665752410889e-02
2.393566285666916826e+02 2.960876850427832953e-04 2.046275734901428223e-01 2.688858807086944580e-01 0.000000000000000000e+00 0.000000000000000000e+00 7.407720386981964111e-02
2.400180285765472945e+02 2.958065823040725482e-04 1.940734386444091797e-01 2.874766290187835693e-01 0.000000000000000000e+00 0.000000000000000000e+00 7.511815428733825684e-02
2.406794285864029348e+02 2.961131974638732444e-04 1.902027726173400879e-01 2.136124819517135620e-01 0.000000000000000000e+00 0.000000000000000000e+00 6.473378837108612061e-02
2.413408285962585751e+02 2.965673455513509558e-04 2.071360945701599121e-01 2.568201720714569092e-01 0.000000000000000000e+00 0.000000000000000000e+00 1.326597183942794800e-01
2.420022286061141870e+02 2.964509084253096624e-04 2.649394869804382324e-01 2.675660252571105957e-01 0.000000000000000000e+00 0.000000000000000000e+00 1.248752325773239136e-01
2.426636286159697988e+02 2.962789204130414898e-04 3.007446527481079102e-01 1.842731535434722900e-01 0.000000000000000000e+00 0.000000000000000000e+00 5.954925715923309326e-02
2.433250286258254391e+02 2.963426306156087802e-04 2.944852709770202637e-01 1.550041437149047852e-01 0.000000000000000000e+00 0.000000000000000000e+00 4.315078631043434143e-02
2.439864286356810794e+02 2.965845301554238117e-04 2.817252874374389648e-01 1.498623937368392944e-01 0.000000000000000000e+00 0.000000000000000000e+00 4.394116625189781189e-02
2.446478286455367197e+02 2.972430773919015217e-04 2.658346295356750488e-01 1.152228638529777527e-01 0.000000000000000000e+00 0.000000000000000000e+00 2.871459349989891052e-02
2.453092286553923316e+02 2.980865063985446576e-04 2.324087172746658325e-01 9.927263110876083374e-02 0.000000000000000000e+00 0.000000000000000000e+00 2.068373002111911774e-02
2.459706286652479434e+02 2.988343753230434698e-04 2.193636745214462280e-01 1.025180146098136902e-01 0.000000000000000000e+00 0.000000000000000000e+00 7.144027948379516602e-02
2.466320286751035837e+02 2.995283882521648160e-04 2.218451648950576782e-01 8.039138466119766235e-02 0.000000000000000000e+00 0.000000000000000000e+00 2.063841223716735840e-01
2.472934286849592240e+02 2.997172890480655563e-04 2.360317260026931763e-01 6.191287562251091003e-02 0.000000000000000000e+00 0.000000000000000000e+00 6.213200688362121582e-01
2.479548286948148643e+02 2.997133100147482561e-04 2.310041934251785278e-01 5.732952430844306946e-02 0.000000000000000000e+00 0.000000000000000000e+00 7.096190452575683594e-01
2.486162287046704762e+02 2.997832108040045414e-04 2.062212675809860229e-01 4.993416741490364075e-02 0.000000000000000000e+00 0.000000000000000000e+00 2.913757860660552979e-01
2.492776287145260881e+02 3.004211897183986404e-04 2.117826938629150391e-01 4.736609384417533875e-02 0.000000000000000000e+00 0.000000000000000000e+00 1.040144339203834534e-01
2.499390287243817284e+02 3.011245832047406302e-04 2.535162270069122314e-01 5.348148196935653687e-02 0.000000000000000000e+00 0.000000000000000000e+00 6.713110208511352539e-02
2.506004287342373686e+02 3.016638637546684588e-04 2.512704432010650635e-01 4.650409892201423645e-02 0.000000000000000000e+00 0.000000000000000000e+00 3.963794931769371033e-02
2.512618287440929805e+02 3.022110952385786173e-04 2.247325032949447632e-01 5.085216835141181946e-02 0.000000000000000000e+00 0.000000000000000000e+00 6.894730776548385620e-02
2.519232287539486208e+02 3.026397316984419080e-04 1.947283446788787842e-01 7.649784535169601440e-02 0.000000000000000000e+00 0.000000000000000000e+00 8.839222788810729980e-02
2.525846287638042327e+02 3.032884494823120751e-04 1.874671876430511475e-01 6.639587879180908203e-02 0.000000000000000000e+00 0.000000000000000000e+00 8.164734393358230591e-02
2.532460287736598730e+02 3.042763886066865691e-04 2.039803564548492432e-01 5.860591679811477661e-02 0.000000000000000000e+00 0.000000000000000000e+00 2.845394797623157501e-02
2.539074287835155133e+02 3.055766725027842575e-04 2.284473478794097900e-01 8.189493417739868164e-02 0.000000000000000000e+00 0.000000000000000000e+00 4.101940616965293884e-02
2.545688287933711251e+02 3.061615849746911894e-04 2.492364346981048584e-01 7.571979612112045288e-02 0.000000000000000000e+00 0.000000000000000000e+00 3.161107748746871948e-02
2.552302288032267370e+02 3.062979618732370639e-04 2.864363193511962891e-01 5.410859733819961548e-02 0.000000000000000000e+00 0.000000000000000000e+00 8.846072480082511902e-03
2.558916288130823773e+02 3.068261928190960369e-04 3.426151871681213379e-01 5.594225227832794189e-02 0.000000000000000000e+00 0.000000000000000000e+00 4.226914793252944946e-02
2.565530288229380176e+02 3.074237617095437747e-04 3.891584575176239014e-01 5.547749251127243042e-02 0.000000000000000000e+00 0.000000000000000000e+00 2.069528400897979736e-02
2.572144288327936579e+02 3.084641917979465500e-04 4.633412361145019531e-01 4.226886481046676636e-02 0.000000000000000000e+00 0.000000000000000000e+00 2.856172248721122742e-02
2.578758288426492982e+02 3.100195460303067723e-04 4.908427596092224121e-01 4.610570147633552551e-02 0.000000000000000000e+00 0.000000000000000000e+00 3.895568475127220154e-02
2.585372288525048816e+02 3.115334490048624386e-04 4.979795813560485840e-01 5.460475012660026550e-02 0.000000000000000000e+00 0.000000000000000000e+00 1.721161305904388428e-01
2.591986288623605219e+02 3.130969960438206769e-04 4.703631401062011719e-01 4.084383696317672729e-02 0.000000000000000000e+00 0.000000000000000000e+00 3.648226559162139893e-01
2.598600288722161622e+02 3.144639423347460024e-04 4.060080051422119141e-01 3.392553701996803284e-02 0.000000000000000000e+00 0.000000000000000000e+00 3.617766201496124268e-01
2.605214288820717456e+02 3.160436214960473983e-04 3.674764037132263184e-01 3.972977772355079651e-02 0.000000000000000000e+00 0.000000000000000000e+00 1.445895135402679443e-01
2.611828288919274428e+02 3.173073179476864790e-04 3.540857136249542236e-01 3.462878614664077759e-02 0.000000000000000000e+00 0.000000000000000000e+00 4.648520052433013916e-02
2.618442289017830262e+02 3.187568365494943988e-04 3.831789493560791016e-01 2.520820498466491699e-02 0.000000000000000000e+00 0.000000000000000000e+00 3.036175481975078583e-02
2.625056289116386665e+02 3.206850968786262388e-04 4.301455020904541016e-01 2.411393076181411743e-02 0.000000000000000000e+00 0.000000000000000000e+00 7.958682626485824585e-02
2.631670289214943068e+02 3.221240555843751232e-04 4.571962058544158936e-01 2.576995827257633209e-02 0.000000000000000000e+00 0.000000000000000000e+00 4.654774814844131470e-02
2.638284289313498903e+02 3.237149391688433461e-04 6.765114068984985352e-01 2.067510597407817841e-02 0.000000000000000000e+00 0.000000000000000000e+00 5.315444618463516235e-02
2.644898289412055306e+02 3.255830045970824291e-04 8.908383846282958984e-01 1.830272749066352844e-02 0.000000000000000000e+00 0.000000000000000000e+00 2.790755964815616608e-02
2.651512289510611708e+02 3.277381095332702020e-04 8.868710994720458984e-01 2.396136522293090820e-02 0.000000000000000000e+00 0.000000000000000000e+00 3.668563067913055420e-02
2.658126289609168111e+02 3.305036083648212508e-04 9.336836934089660645e-01 2.367235720157623291e-02 0.000000000000000000e+00 0.000000000000000000e+00 4.447273444384336472e-03
2.664740289707724514e+02 3.330826668782477804e-04 9.268501400947570801e-01 1.755007170140743256e-02 0.000000000000000000e+00 0.000000000000000000e+00 1.987314969301223755e-02
2.671354289806280349e+02 3.361913706929800624e-04 9.010170102119445801e-01 1.861068233847618103e-02 0.000000000000000000e+00 0.000000000000000000e+00 3.809890151023864746e-02
2.677968289904836752e+02 3.396118945653001705e-04 9.087542295455932617e-01 1.968678086996078491e-02 0.000000000000000000e+00 0.000000000000000000e+00 2.696794830262660980e-02
2.684582290003393155e+02 3.435197168523373935e-04 8.865570425987243652e-01 1.459618192166090012e-02 0.000000000000000000e+00 0.000000000000000000e+00 4.670923948287963867e-02
2.691196290101949558e+02 3.475497365917645820e-04 8.580263257026672363e-01 1.293333154171705246e-02 0.000000000000000000e+00 0.000000000000000000e+00 6.226764246821403503e-02
2.697810290200505960e+02 3.518657324827142736e-04 8.516041040420532227e-01 1.432609278708696365e-02 0.000000000000000000e+00 0.000000000000000000e+00 2.556787803769111633e-02
2.704424290299061795e+02 3.566770262934288198e-04 9.047202467918395996e-01 1.180417090654373169e-02 0.000000000000000000e+00 0.000000000000000000e+00 6.725287437438964844e-02
2.711038290397618198e+02 3.621841566775217463e-04 8.758222460746765137e-01 1.034356933087110519e-02 0.000000000000000000e+00 0.000000000000000000e+00 1.147982552647590637e-01
2.717652290496174601e+02 3.682858442026555774e-04 7.535380125045776367e-01 1.406440977007150650e-02 0.000000000000000000e+00 0.000000000000000000e+00 1.879404634237289429e-01
2.724266290594731004e+02 3.755648729283263547e-04 6.561301946640014648e-01 1.406498346477746964e-02 0.000000000000000000e+00 0.000000000000000000e+00 1.776236593723297119e-01
2.730880290693287407e+02 3.825574185792730256e-04 7.045103311538696289e-01 1.017997041344642639e-02 0.000000000000000000e+00 0.000000000000000000e+00 9.646037220954895020e-02
2.737494290791843241e+02 3.893103365247258625e-04 6.316847801208496094e-01 1.065573282539844513e-02 2.787055336739285849e-06 0.000000000000000000e+00 4.060225188732147217e-02
2.744108290890399644e+02 3.966946170237006406e-04 4.944186508655548096e-01 1.336060836911201477e-02 4.310963049647398293e-05 0.000000000000000000e+00 3.541107848286628723e-02
2.750722290988956047e+02 4.043598504399996949e-04 4.832161366939544678e-01 1.048611663281917572e-02 1.070226207957603037e-04 0.000000000000000000e+00 3.211233392357826233e-02
2.757336291087512450e+02 4.118104120699700812e-04 5.750968456268310547e-01 7.881997153162956238e-03 2.144752506865188479e-04 0.000000000000000000e+00 3.854284808039665222e-02
2.763950291186068853e+02 4.192109718628385709e-04 6.868388056755065918e-01 8.758417330682277679e-03 3.537165175657719374e-04 0.000000000000000000e+00 0.000000000000000000e+00
2.770564291284624687e+02 4.264413432441649756e-04 7.229589223861694336e-01 8.932279422879219055e-03 5.160524160601198673e-04 0.000000000000000000e+00 0.000000000000000000e+00
2.777178291383181090e+02 4.349621410598343866e-04 6.694761514663696289e-01 6.717523094266653061e-03 7.055973401293158531e-04 0.000000000000000000e+00 0.000000000000000000e+00
2.783792291481737493e+02 4.437214104970975794e-04 5.366725921630859375e-01 6.963510066270828247e-03 9.275053744204342365e-04 0.000000000000000000e+00 0.000000000000000000e+00
2.790406291580293896e+02 4.525456541161450904e-04 4.131452143192291260e-01 1.027146633714437485e-02 1.188367954455316067e-03 0.000000000000000000e+00 0.000000000000000000e+00
2.797020291678850299e+02 4.612990097782464390e-04 2.980413436889648438e-01 9.472419507801532745e-03 1.496894867159426212e-03 0.000000000000000000e+00 0.000000000000000000e+00
2.803634291777406133e+02 4.710432206619357548e-04 2.769972383975982666e-01 6.225153803825378418e-03 1.865006866864860058e-03 0.000000000000000000e+00 0.000000000000000000e+00
2.810248291875962536e+02 4.820837799928557438e-04 3.744426667690277100e-01 4.395587835460901260e-03 2.309622010216116905e-03 0.000000000000000000e+00 0.000000000000000000e+00
2.816862291974518939e+02 4.944014437498763610e-04 5.373040437698364258e-01 3.740262473002076149e-03 2.855668310075998306e-03 0.000000000000000000e+00 0.000000000000000000e+00
2.823476292073074774e+02 5.076303373540230974e-04 6.697160601615905762e-01 3.595054848119616508e-03 3.541346173733472824e-03 0.000000000000000000e+00 0.000000000000000000e+00
2.830090292171631177e+02 5.210604019312298912e-04 7.354099154472351074e-01 2.973227994516491890e-03 4.427792504429817200e-03 1.117106148740276694e-05 0.000000000000000000e+00
2.836704292270187580e+02 5.349263605166027034e-04 7.365191578865051270e-01 2.377056283876299858e-03 5.617920309305191040e-03 7.117220957297831774e-05 0.000000000000000000e+00
2.843318292368743982e+02 5.503581734924822399e-04 6.657317876815795898e-01 2.278111176565289497e-03 7.296182215213775635e-03 1.450850541004911065e-04 0.000000000000000000e+00
2.849932292467300385e+02 5.685258103153470032e-04 4.912602305412292480e-01 2.030871110036969185e-03 9.821605868637561798e-03 2.311364951310679317e-04 0.000000000000000000e+00
2.856546292565856220e+02 5.880169596617825650e-04 4.165072441101074219e-01 1.666070311330258846e-03 1.397885289043188095e-02 3.314298810437321663e-04 0.000000000000000000e+00
2.863160292664412623e+02 6.086900034607092055e-04 5.842249989509582520e-01 1.822411781176924706e-03 2.181738242506980896e-02 4.485143290366977453e-04 0.000000000000000000e+00
2.869774292762969026e+02 6.312909670207867514e-04 6.953102946281433105e-01 2.198374364525079727e-03 4.079687595367431641e-02 5.855553899891674519e-04 0.000000000000000000e+00
2.876388292861525429e+02 6.554161109492098085e-04 6.939061880111694336e-01 1.794592128135263920e-03 1.274158954620361328e-01 7.466003298759460449e-04 0.000000000000000000e+00
2.883002292960081832e+02 6.791974041413590324e-04 6.190279126167297363e-01 1.479858648963272572e-03 6.455628275871276855e-01 9.369946783408522606e-04 0.000000000000000000e+00
2.889616293058637666e+02 7.034991883997823280e-04 7.005125284194946289e-01 1.841356512159109116e-03 1.000000000000000000e+00 1.164047513157129288e-03 0.000000000000000000e+00
2.896230293157194069e+02 7.287679713992547192e-04 8.322284817695617676e-01 1.921877264976501465e-03 7.810836434364318848e-01 1.438113045878708363e-03 0.000000000000000000e+00
2.902844293255750472e+02 7.554154990578933757e-04 9.712573885917663574e-01 1.390256686136126518e-03 8.746372461318969727e-01 1.774397213011980057e-03 0.000000000000000000e+00
2.909458293354306875e+02 7.815852643937808543e-04 1.000000000000000000e+00 1.240088022314012051e-03 2.478113770484924316e-01 2.196077024564146996e-03 0.000000000000000000e+00
2.916072293452863278e+02 8.058814845453008465e-04 9.489041566848754883e-01 1.475371420383453369e-03 5.712310969829559326e-02 2.739929594099521637e-03 0.000000000000000000e+00
2.922686293551419112e+02 8.318514054633071230e-04 8.782537579536437988e-01 1.333477906882762909e-03 2.654957212507724762e-02 3.467069938778877258e-03 0.000000000000000000e+00
2.929300293649975515e+02 8.544767572761010482e-04 8.240295052528381348e-01 1.055655535310506821e-03 1.613380573689937592e-02 4.484877455979585648e-03 0.000000000000000000e+00
2.935914293748531918e+02 8.816669809748340497e-04 8.191387653350830078e-01 1.420042011886835098e-03 1.101804058998823166e-02 5.995907355099916458e-03 0.000000000000000000e+00
2.942528293847088321e+02 9.111244816679153237e-04 7.702965736389160156e-01 2.127584768459200859e-03 8.044129237532615662e-03 8.420339785516262054e-03 0.000000000000000000e+00
2.949142293945644724e+02 9.419467609059466867e-04 7.457910776138305664e-01 1.702620880678296089e-03 6.125181447714567184e-03 1.275582704693078995e-02 0.000000000000000000e+00
2.955756294044200558e+02 9.734890419810926640e-04 7.529927492141723633e-01 1.081503112800419331e-03 4.793066997081041336e-03 2.192918397486209869e-02 0.000000000000000000e+00
2.962370294142756961e+02 1.004938940355372271e-03 7.440187335014343262e-01 7.465798407793045044e-04 3.816652111709117889e-03 4.891635105013847351e-02 0.000000000000000000e+00
2.968984294241313364e+02 1.038479352727562791e-03 6.423830389976501465e-01 5.905900034122169018e-04 3.070583101361989975e-03 2.203236222267150879e-01 0.000000000000000000e+00
2.975598294339869767e+02 1.069058003734905948e-03 6.384580135345458984e-01 4.763161996379494667e-04 2.481982577592134476e-03 1.000000000000000000e+00 0.000000000000000000e+00
2.982212294438426170e+02 1.101254458667394725e-03 6.149113178253173828e-01 3.859255521092563868e-04 2.006100956350564957e-03 7.804850935935974121e-01 0.000000000000000000e+00
2.988826294536982005e+02 1.134628673158637061e-03 5.512658953666687012e-01 3.130827972199767828e-04 1.614172942936420441e-03 1.387140601873397827e-01 0.000000000000000000e+00
2.995440294635538407e+02 1.163376548446879094e-03 5.543380975723266602e-01 2.578227140475064516e-04 1.286942278966307640e-03 3.842779621481895447e-02 0.000000000000000000e+00
3.002054294734094810e+02 1.184954112174903696e-03 4.831964373588562012e-01 2.077256795018911362e-04 1.011016662232577801e-03 1.883790828287601471e-02 0.000000000000000000e+00
3.008668294832650645e+02 1.184954112174903696e-03 4.546870291233062744e-01 1.686057512415573001e-04 7.767334464006125927e-04 1.139221340417861938e-02 0.000000000000000000e+00
3.015282294931207616e+02 1.184954112174903696e-03 4.586884975433349609e-01 1.381030888296663761e-04 5.768677219748497009e-04 7.690183352679014206e-03 0.000000000000000000e+00
3.021896295029763451e+02 1.184954112174903696e-03 4.178500473499298096e-01 1.162402404588647187e-04 4.058317863382399082e-04 5.554616916924715042e-03 0.000000000000000000e+00
3.028510295128319854e+02 1.184954112174903696e-03 4.560996294021606445e-01 9.493489051237702370e-05 2.591708325780928135e-04 4.194463137537240982e-03 0.000000000000000000e+00
3.035124295226876256e+02 1.184954112174903696e-03 4.857936203479766846e-01 6.968312663957476616e-05 1.358937006443738937e-04 3.263335675001144409e-03 0.000000000000000000e+00
3.041738295325432091e+02 1.184954112174903696e-03 4.441395103931427002e-01 5.465689901029691100e-05 6.244260293897241354e-05 2.589735202491283417e-03 0.000000000000000000e+00
3.048352295423989062e+02 1.184954112174903696e-03 4.200721383094787598e-01 6.747947918483987451e-05 1.327331119682639837e-05 2.080947859212756157e-03 0.000000000000000000e+00
3.054966295522544897e+02 1.184954112174903696e-03 3.911778032779693604e-01 9.019987192004919052e-05 1.992105467252258677e-07 1.774397213011980057e-03 0.000000000000000000e+00
3.061580295621101300e+02 1.184954112174903696e-03 3.415814340114593506e-01 8.618970605311915278e-05 0.000000000000000000e+00 1.364463591016829014e-03 0.000000000000000000e+00
3.068194295719657703e+02 1.184954112174903696e-03 3.258433043956756592e-01 6.270674202824011445e-05 0.000000000000000000e+00 1.103346818126738071e-03 0.000000000000000000e+00
3.074808295818213537e+02 1.184954112174903696e-03 3.205806314945220947e-01 6.751369073754176497e-05 0.000000000000000000e+00 8.862867252901196480e-04 0.000000000000000000e+00
3.081422295916770508e+02 1.184954112174903696e-03 3.061445951461791992e-01 8.360249194083735347e-05 0.000000000000000000e+00 7.038237527012825012e-04 0.000000000000000000e+00
3.088036296015326343e+02 1.184954112174903696e-03 2.782360017299652100e-01 7.520672807004302740e-05 0.000000000000000000e+00 5.855553899891674519e-04 0.000000000000000000e+00
3.094650296113882746e+02 1.184954112174903696e-03 2.364574819803237915e-01 5.945605880697257817e-05 0.000000000000000000e+00 4.175085341557860374e-04 0.000000000000000000e+00
3.101264296212439149e+02 1.184954112174903696e-03 2.223765552043914795e-01 9.225788380717858672e-05 0.000000000000000000e+00 3.048908838536590338e-04 0.000000000000000000e+00
3.107878296310994983e+02 1.184954112174903696e-03 2.528677284717559814e-01 1.276663242606446147e-04 0.000000000000000000e+00 2.083772124024108052e-04 0.000000000000000000e+00
3.114492296409551386e+02 1.184954112174903696e-03 2.564159929752349854e-01 9.703169052954763174e-05 0.000000000000000000e+00 1.255429815500974655e-04 0.000000000000000000e+00
3.121106296508107789e+02 1.184954112174903696e-03 2.262738198041915894e-01 7.101485243765637279e-05 0.000000000000000000e+00 7.117220957297831774e-05 0.000000000000000000e+00
3.127720296606664192e+02 1.184954112174903696e-03 2.096572816371917725e-01 4.212265776004642248e-05 0.000000000000000000e+00 3.676735559565713629e-06 0.000000000000000000e+00
3.134334296705220595e+02 1.184954112174903696e-03 2.004314512014389038e-01 2.950834823423065245e-05 0.000000000000000000e+00 0.000000000000000000e+00 0.000000000000000000e+00
3.140948296803776429e+02 1.184954112174903696e-03 1.886514425277709961e-01 2.521155329304747283e-05 0.000000000000000000e+00 0.000000000000000000e+00 0.000000000000000000e+00
3.147562296902332832e+02 1.184954112174903696e-03 1.681199073791503906e-01 2.241027686977759004e-05 0.000000000000000000e+00 0.000000000000000000e+00 0.000000000000000000e+00
3.154176297000889235e+02 1.184954112174903696e-03 1.542180031538009644e-01 1.869976586021948606e-05 0.000000000000000000e+00 0.000000000000000000e+00 0.000000000000000000e+00
3.160790297099445070e+02 1.184954112174903696e-03 1.331356316804885864e-01 1.234800311067374423e-05 0.000000000000000000e+00 0.000000000000000000e+00 0.000000000000000000e+00
3.167404297198002041e+02 1.184954112174903696e-03 1.357721537351608276e-01 7.175427526817657053e-06 0.000000000000000000e+00 0.000000000000000000e+00 0.000000000000000000e+00
3.174018297296557876e+02 1.184954112174903696e-03 1.377960592508316040e-01 3.000066726599470712e-06 0.000000000000000000e+00 0.000000000000000000e+00 0.000000000000000000e+00
3.180632297395114279e+02 1.184954112174903696e-03 1.190867796540260315e-01 1.286054157390026376e-06 0.000000000000000000e+00 0.000000000000000000e+00 0.000000000000000000e+00
3.187246297493670681e+02 1.184954112174903696e-03 1.069995611906051636e-01 9.124734674514911603e-07 0.000000000000000000e+00 0.000000000000000000e+00 0.000000000000000000e+00
3.193860297592226516e+02 1.184954112174903696e-03 1.017908826470375061e-01 6.145127144918660633e-07 0.000000000000000000e+00 0.000000000000000000e+00 0.000000000000000000e+00
3.200474297690783487e+02 1.184954112174903696e-03 1.004447937011718750e-01 4.679368714732845547e-07 0.000000000000000000e+00 0.000000000000000000e+00 0.000000000000000000e+00
3.207088297789339322e+02 1.184954112174903696e-03 9.521452337503433228e-02 3.611163776895409683e-07 0.000000000000000000e+00 0.000000000000000000e+00 0.000000000000000000e+00
3.213702297887895725e+02 1.184954112174903696e-03 8.077844232320785522e-02 2.801546088448958471e-07 0.000000000000000000e+00 0.000000000000000000e+00 0.000000000000000000e+00
3.220316297986452128e+02 1.184954112174903696e-03 7.470499724149703979e-02 2.309868989414098905e-07 0.000000000000000000e+00 0.000000000000000000e+00 0.000000000000000000e+00
3.226930298085007962e+02 1.184954112174903696e-03 6.646506488323211670e-02 1.650240051276341546e-07 0.000000000000000000e+00 0.000000000000000000e+00 0.000000000000000000e+00
3.233544298183564933e+02 1.184954112174903696e-03 6.020175665616989136e-02 1.240461813267756952e-07 0.000000000000000000e+00 0.000000000000000000e+00 0.000000000000000000e+00
3.240158298282120768e+02 1.184954112174903696e-03 5.913924798369407654e-02 9.153576741027791286e-08 0.000000000000000000e+00 0.000000000000000000e+00 0.000000000000000000e+00
3.246772298380677171e+02 1.184954112174903696e-03 5.855086073279380798e-02 6.510823880034877220e-08 0.000000000000000000e+00 0.000000000000000000e+00 0.000000000000000000e+00
3.253386298479233574e+02 1.184954112174903696e-03 5.765912309288978577e-02 4.870069503226659435e-08 0.000000000000000000e+00 0.000000000000000000e+00 0.000000000000000000e+00
3.260000298577789408e+02 1.184954112174903696e-03 5.817883461713790894e-02 2.898604023471307300e-08 0.000000000000000000e+00 0.000000000000000000e+00 0.000000000000000000e+00
3.266614298676346380e+02 1.184954112174903696e-03 5.479684844613075256e-02 1.923291215177869162e-08 0.000000000000000000e+00 0.000000000000000000e+00 0.000000000000000000e+00
3.273228298774902214e+02 1.184954112174903696e-03 5.019191280007362366e-02 1.259695814326278196e-08 0.000000000000000000e+00 0.000000000000000000e+00 0.000000000000000000e+00
3.279842298873458617e+02 1.184954112174903696e-03 4.528974369168281555e-02 8.052643885037014115e-09 0.000000000000000000e+00 0.000000000000000000e+00 0.000000000000000000e+00
3.286456298972015020e+02 1.184954112174903696e-03 4.231385886669158936e-02 7.599934903623761784e-09 0.000000000000000000e+00 0.000000000000000000e+00 0.000000000000000000e+00
3.293070299070570854e+02 1.184954112174903696e-03 4.124303534626960754e-02 2.291641898466423299e-08 0.000000000000000000e+00 0.000000000000000000e+00 0.000000000000000000e+00
3.299684299169127826e+02 1.184954112174903696e-03 3.940792009234428406e-02 5.235907707401565858e-08 0.000000000000000000e+00 0.000000000000000000e+00 0.000000000000000000e+00
3.306298299267683660e+02 1.184954112174903696e-03 3.509976342320442200e-02 1.078682601018954301e-07 0.000000000000000000e+00 0.000000000000000000e+00 0.000000000000000000e+00
3.312912299366240063e+02 1.184954112174903696e-03 3.152836114168167114e-02 2.337580724542931421e-07 0.000000000000000000e+00 0.000000000000000000e+00 0.000000000000000000e+00
3.319526299464796466e+02 1.184954112174903696e-03 2.950685098767280579e-02 3.674566642075660639e-07 0.000000000000000000e+00 0.000000000000000000e+00 0.000000000000000000e+00
3.326140299563352301e+02 1.184954112174903696e-03 2.732831053435802460e-02 7.075938697198580485e-07 0.000000000000000000e+00 0.000000000000000000e+00 0.000000000000000000e+00
3.332754299661908703e+02 1.184954112174903696e-03 2.540310844779014587e-02 1.190004809359379578e-06 0.000000000000000000e+00 0.000000000000000000e+00 0.000000000000000000e+00
3.339368299760465106e+02 1.184954112174903696e-03 2.356835640966892242e-02 1.822183094191132113e-06 0.000000000000000000e+00 0.000000000000000000e+00 0.000000000000000000e+00
3.345982299859021509e+02 1.184954112174903696e-03 2.335054427385330200e-02 2.874503707062103786e-06 0.000000000000000000e+00 0.000000000000000000e+00 0.000000000000000000e+00
3.352596299957577912e+02 1.184954112174903696e-03 2.129043824970722198e-02 4.082398845639545470e-06 0.000000000000000000e+00 0.000000000000000000e+00 0.000000000000000000e+00
3.359210300056133747e+02 1.184954112174903696e-03 1.906414330005645752e-02 6.840813966846326366e-06 0.000000000000000000e+00 0.000000000000000000e+00 0.000000000000000000e+00
3.365824300154690150e+02 1.184954112174903696e-03 1.696280762553215027e-02 1.004573368845740333e-05 0.000000000000000000e+00 0.000000000000000000e+00 0.000000000000000000e+00
3.372438300253246553e+02 1.184954112174903696e-03 1.705272868275642395e-02 1.411088123859371990e-05 0.000000000000000000e+00 0.000000000000000000e+00 0.000000000000000000e+00
3.379052300351802387e+02 1.184954112174903696e-03 1.698572374880313873e-02 1.957671156560536474e-05 0.000000000000000000e+00 0.000000000000000000e+00 0.000000000000000000e+00
3.385666300450359358e+02 1.184954112174903696e-03 1.655515655875205994e-02 2.486022458469960839e-05 0.000000000000000000e+00 0.000000000000000000e+00 0.000000000000000000e+00
3.392280300548915193e+02 1.184954112174903696e-03 1.670826599001884460e-02 3.596103852032683790e-05 0.000000000000000000e+00 0.000000000000000000e+00 0.000000000000000000e+00
3.398894300647471596e+02 1.184954112174903696e-03 1.609175652265548706e-02 4.784440898220054805e-05 0.000000000000000000e+00 0.000000000000000000e+00 0.000000000000000000e+00
3.405508300746027999e+02 1.184954112174903696e-03 1.530405972152948380e-02 6.337724335025995970e-05 0.000000000000000000e+00 0.000000000000000000e+00 0.000000000000000000e+00
3.412122300844583833e+02 1.184954112174903696e-03 1.443354412913322449e-02 8.450490713585168123e-05 0.000000000000000000e+00 0.000000000000000000e+00 0.000000000000000000e+00
3.418736300943140805e+02 1.184954112174903696e-03 1.412829943001270294e-02 1.084235045709647238e-04 0.000000000000000000e+00 0.000000000000000000e+00 0.000000000000000000e+00
3.425350301041696639e+02 1.184954112174903696e-03 1.370193902403116226e-02 0.000000000000000000e+00 0.000000000000000000e+00 0.000000000000000000e+00 0.000000000000000000e+00
